Sell0: 0.00013703
Buy1: 0.00788658
Buy2: 0.00015085
Sell3: 0.00013731
Buy4: 0.01
Buy5: 0.01789605
Buy6: 0.0038975
Sell7: 0.00027306
Sell8: 0.0003633
Sell9: 0.0018762
Sell10: 0.000055
Buy11: 0.0007
Buy12: 0.00005997
Buy13: 0.00009705
Buy14: 0.00006416
Buy15: 0.000222
Buy16: 0.00001194
Buy17: 0.02742571
Buy18: 0.0003
Buy19: 0.001036
Buy20: 0.0004958
